0 0.256667 0.598407 0.240000 0.212746
2 0.810833 0.578257 0.148333 0.078725
2 0.686667 0.540300 0.110000 0.081537
2 0.832500 0.527179 0.085000 0.036551
1 0.735833 0.325679 0.165000 0.085286
1 0.823333 0.276007 0.106667 0.045923
1 0.911667 0.296626 0.140000 0.075914
1 0.864167 0.350515 0.188333 0.091846
2 0.591667 0.345829 0.096667 0.048735
2 0.290833 0.178538 0.065000 0.047798
3 0.725833 0.445642 0.121667 0.068416
3 0.775000 0.498126 0.076667 0.045923
3 0.833333 0.465323 0.053333 0.044049
3 0.630000 0.426429 0.080000 0.071228
3 0.691667 0.393158 0.076667 0.060918
3 0.766667 0.406279 0.070000 0.087160
3 0.400833 0.432052 0.081667 0.063730
3 0.295000 0.384255 0.096667 0.065604
3 0.260000 0.336926 0.073333 0.068416
3 0.154167 0.345361 0.071667 0.044049
3 0.085833 0.336926 0.065000 0.049672
3 0.208333 0.851453 0.103333 0.062793
3 0.167500 0.791940 0.061667 0.037488
3 0.300000 0.797563 0.063333 0.029991
3 0.540833 0.110122 0.121667 0.053421
3 0.415833 0.103561 0.081667 0.047798
3 0.425000 0.073571 0.090000 0.053421
3 0.491667 0.055764 0.056667 0.049672
3 0.745833 0.104967 0.095000 0.061856
3 0.818333 0.093252 0.076667 0.075914
3 0.873333 0.067948 0.060000 0.055295
4 0.049167 0.404405 0.095000 0.066542
4 0.110833 0.392690 0.081667 0.037488
