0 0.559167 0.589503 0.255000 0.219306
1 0.459167 0.353327 0.101667 0.093721
2 0.910000 0.262887 0.116667 0.045923
2 0.961667 0.203843 0.076667 0.060918
2 0.835000 0.234302 0.076667 0.050609
2 0.816667 0.287723 0.083333 0.056232
2 0.974167 0.262887 0.051667 0.072165
2 0.315833 0.137301 0.048333 0.038425
3 0.195000 0.343018 0.063333 0.039363
3 0.303333 0.313496 0.090000 0.060918
3 0.379167 0.346767 0.078333 0.074977
3 0.701667 0.396907 0.090000 0.068416
3 0.558333 0.357545 0.076667 0.059044
3 0.354167 0.810684 0.078333 0.041237
3 0.644167 0.841143 0.095000 0.059044
3 0.335833 0.030459 0.121667 0.057170
3 0.411667 0.062793 0.063333 0.052484
3 0.519167 0.066073 0.101667 0.066542
3 0.795000 0.023430 0.073333 0.044986
3 0.847500 0.026242 0.058333 0.050609
3 0.742500 0.041237 0.065000 0.058107
4 0.212500 0.413308 0.195000 0.073102
4 0.396667 0.543112 0.090000 0.070291
4 0.075000 0.426429 0.100000 0.078725
