3 0.350000 0.305530 0.160000 0.073102
3 0.492500 0.289597 0.131667 0.061856
3 0.619167 0.274602 0.098333 0.069353
3 0.475000 0.345361 0.153333 0.072165
3 0.580833 0.333646 0.108333 0.067479
3 0.070833 0.422212 0.138333 0.122774
3 0.240833 0.142924 0.098333 0.051546
3 0.267500 0.097938 0.095000 0.034677
3 0.341667 0.111996 0.066667 0.055295
3 0.365000 0.172446 0.090000 0.041237
3 0.430833 0.149953 0.121667 0.037488
3 0.109167 0.113871 0.021667 0.040300
2 0.815833 0.497188 0.128333 0.083411
2 0.936667 0.491565 0.080000 0.064667
2 0.871667 0.477976 0.103333 0.074977
2 0.947500 0.439550 0.065000 0.048735
2 0.202500 0.455483 0.141667 0.074977
1 0.108333 0.308810 0.156667 0.089035
1 0.139167 0.386598 0.115000 0.062793
1 0.041667 0.331771 0.080000 0.065604
1 0.529167 0.201031 0.178333 0.060918
1 0.634167 0.203374 0.128333 0.059981
2 0.632500 0.175258 0.105000 0.041237
