1 0.138333 0.655576 0.160000 0.087160
1 0.220000 0.614808 0.090000 0.063730
1 0.070000 0.589972 0.100000 0.051546
1 0.396667 0.402530 0.146667 0.081537
1 0.560000 0.374414 0.233333 0.087160
1 0.248333 0.400187 0.143333 0.059981
1 0.476667 0.450797 0.166667 0.054358
2 0.829167 0.447048 0.111667 0.084349
2 0.899167 0.505623 0.085000 0.062793
2 0.820833 0.550609 0.078333 0.051546
2 0.974167 0.518276 0.051667 0.063730
2 0.942500 0.573571 0.098333 0.050609
3 0.658333 0.456888 0.243333 0.083411
3 0.741667 0.525773 0.246667 0.097470
3 0.496667 0.510778 0.100000 0.071228
3 0.623333 0.556232 0.306667 0.081537
3 0.189167 0.509372 0.125000 0.068416
3 0.246667 0.464386 0.080000 0.057170
3 0.187500 0.567948 0.128333 0.058107
3 0.030000 0.469541 0.056667 0.065604
3 0.111667 0.477038 0.070000 0.044986
3 0.113333 0.355201 0.046667 0.043112
3 0.433333 0.179007 0.096667 0.067479
3 0.464167 0.111528 0.058333 0.037488
3 0.398333 0.121837 0.090000 0.056232
3 0.291667 0.148547 0.056667 0.034677
3 0.885833 0.329428 0.155000 0.085286
3 0.960000 0.296157 0.080000 0.074977
3 0.974167 0.347704 0.051667 0.071228
3 0.680000 0.165886 0.080000 0.041237
3 0.618333 0.177601 0.050000 0.032802
3 0.751667 0.164948 0.056667 0.043112
3 0.012500 0.361762 0.021667 0.050609
2 0.946667 0.209934 0.106667 0.073102
2 0.975833 0.173383 0.048333 0.056232
2 0.857500 0.196813 0.098333 0.043112
